weight_mech_1,weight_mech_2,weight_mech_3
0.6714695669023042,0.20089361417780888,0.12763681891988696
0.8427591443004078,0.02299852773914652,0.13424232796044558
0.6530543838461093,0.19408602136856754,0.1528595947853231
0.8078166662711888,0.052868534302124626,0.1393147994266866
0.7951588961318106,0.08901136376350105,0.1158297401046884
0.7723254253150902,0.08223265967027356,0.1454419150146363
0.6327323390278736,0.25980010715893836,0.10746755381318797
0.49434737530338013,0.3191440892174235,0.1865085354791965
0.6900230017589073,0.14130668837270313,0.16867030986838957
0.5833084967940133,0.24584367761753756,0.17084782558844908
0.6675970699990947,0.18278939987607087,0.14961353012483428
0.6303121368529964,0.23121891694349775,0.13846894620350603
0.6397272104993504,0.14537366012092182,0.21489912937972785
0.7230507469761234,0.10399618829410344,0.1729530647297731
0.6969963654642224,0.09679201982836198,0.2062116147074156
0.6887527948945042,0.15948631810708494,0.15176088699841087
0.7175824868138161,0.1808806204746153,0.10153689271156867
0.6980718346274037,0.13606354433480558,0.1658646210377907
0.5282992062666114,0.2616304316951829,0.21007036203820573
0.6785868193809299,0.1639997850261878,0.1574133955928823
0.4222316207621047,0.4170354393774066,0.16073293986048873
0.5568682921652318,0.2874928149667368,0.15563889286803126
0.7529232521381357,0.09582762541779222,0.15124912244407213
0.6639663992907736,0.15132359059704895,0.18471001011217747
0.7589138005568105,0.1207520353603798,0.12033416408280978
0.6617016582733032,0.14680705475869973,0.19149128696799703
0.6577989623071153,0.2330221362585234,0.1091789014343613
0.6258817055803737,0.25546210319981033,0.11865619121981592
0.7125933064924832,0.15979511829870469,0.12761157520881206
0.5569456824800264,0.2131630043353641,0.22989131318460934
0.5115977743454083,0.33499963432976526,0.15340259132482642
0.7760025618962568,0.11055812134908025,0.11343931675466286
0.7595612619927689,0.09912061920053072,0.14131811880670053
0.6045881266040974,0.1934739961857025,0.2019378772102
0.6675053839172751,0.23222556713992923,0.10026904894279573
0.6962329250614604,0.05062480403518818,0.25314227090335145
0.7079178460986622,0.08848598683762365,0.20359616706371433
0.6990238937526421,0.15576747126022508,0.1452086349871329
0.534641910698868,0.30426287578974953,0.16109521351138237
0.6783774894418589,0.13718721755591817,0.18443529300222297
0.6724363381966455,0.10703968044802008,0.22052398135533446
0.6983840948827155,0.16319147841915949,0.13842442669812507
0.6513403105541954,0.1535586767564144,0.1951010126893903
0.6598611547421341,0.13396774172703232,0.20617110353083357
0.7380122663574911,0.07926083075549567,0.18272690288701315
0.5541295544443945,0.2141252120708501,0.23174523348475543
0.686971144688548,0.20054585889995152,0.11248299641150043
0.6826964397710935,0.1594064973768117,0.15789706285209493
0.7156127098229541,0.041529790161228125,0.2428575000158178
0.6455103730994827,0.17651930854167525,0.17797031835884222
0.7147148973030832,0.14481473913870083,0.140470363558216
0.661213544231344,0.18582521391679538,0.15296124185186047
0.6130624551031896,0.20754939716995652,0.1793881477268538
0.5465609221150963,0.26176642679803613,0.19167265108686762
0.6654653600358165,0.1614336111723049,0.17310102879187858
0.4807293414029981,0.2937407428983745,0.2255299156986275
0.49343318174535555,0.27874219915331916,0.22782461910132534
0.6382296370025252,0.204950664160517,0.15681969883695782
0.6307089643036222,0.1937718434591005,0.17551919223727724
0.7496925931151995,0.0661142588339093,0.1841931480508912
0.5566078038649448,0.2667245300088473,0.17666766612620793
0.41794202662916147,0.3478687717432785,0.23418920162756
0.6885611020889849,0.14606368646793616,0.16537521144307882
0.6375991199605776,0.21359799268741084,0.14880288735201147
0.688865668738776,0.10737066998794517,0.20376366127327888
0.6640383477068557,0.1217123974935958,0.21424925479954862
0.627215225888411,0.216122457527968,0.15666231658362095
0.6348930426917554,0.16217097461175814,0.20293598269648644
0.4691015426166666,0.29407416178133094,0.23682429560200247
0.667463011507709,0.1221364841355119,0.210400504356779
0.6342478366731723,0.1762191715671168,0.18953299175971092
0.7237673588096212,0.1734901777628462,0.10274246342753256
0.6466653301882509,0.11048524946488766,0.24284942034686136
0.6998184792717683,0.20080163120301878,0.0993798895252129
0.5718087747067477,0.24750128874168714,0.18068993655156515
0.78885353005635,0.05583654813504292,0.15530992180860703
0.8561720784864023,0.004241640518396884,0.13958628099520087
0.6410342499153687,0.22947074432977974,0.12949500575485154
0.8029234703721914,0.09453034527483292,0.10254618435297569
0.6665504835670016,0.1460412505078198,0.18740826592517854
0.6668963020428613,0.14824441352078166,0.18485928443635707
0.5843565153161897,0.24338202374210102,0.1722614609417091
0.5070159335512259,0.2853531405340374,0.20763092591473686
0.697401058755783,0.09700139958386128,0.20559754166035574
0.4978137709839763,0.264177747021899,0.2380084819941248
0.7210048762433124,0.12959409704879837,0.14940102670788913
0.645842427964995,0.19854742090931152,0.15561015112569337
0.6783341044234222,0.19825193017419407,0.12341396540238378
0.7060253030145635,0.12313770472092968,0.1708369922645068
0.6112934100735805,0.21960172262018537,0.16910486730623425
0.7995363107296921,0.053475761198393784,0.14698792807191402
0.5937752470409832,0.29089735110302006,0.11532740185599685
0.5926673963804947,0.20067245767016512,0.20666014594934007
0.5636255925137582,0.25772587321235935,0.17864853427388258
0.6012170797912664,0.2068145942361295,0.19196832597260416
0.6776997082951732,0.1454361916337994,0.17686410007102746
0.5972955572117516,0.1782422639272477,0.22446217886100073
0.7783769597678588,0.0505153532647208,0.17110768696742032
0.6911429822388898,0.05391560148508323,0.2549414162760269
0.6623168062600584,0.16568730815509172,0.17199588558485
0.693573390794836,0.10041238771838013,0.20601422148678378
0.7111495038156194,0.037650568610948267,0.2511999275734324
0.5605785957394519,0.24064420934976785,0.19877719491078027
0.553391348929307,0.23341650891738047,0.21319214215331259
0.706752362380615,0.14721554130789583,0.1460320963114893
0.6784246069031696,0.17003166365095282,0.1515437294458776
0.7533543300015018,0.135541713727735,0.1111039562707633
0.6296948159406801,0.21006820621796451,0.16023697784135532
0.5295265749502912,0.2343859983282605,0.23608742672144822
0.5729106893174338,0.2896838180681854,0.13740549261438076
0.7754795325662018,0.09686610198029873,0.12765436545349934
0.7404818313267579,0.06826168054598068,0.1912564881272613
0.6243700668907111,0.12776028187885094,0.24786965123043797
0.5758395937871394,0.25537579540503147,0.16878461080782914
0.6363621548519042,0.16952568756359807,0.19411215758449785
0.523239752305209,0.3140482061450506,0.16271204154974045
0.7490368708672488,0.09126908070677998,0.1596940484259712
0.6134715747868061,0.18311200628379704,0.20341641892939688
0.8408061502392546,0.021347041521445245,0.13784680823930015
0.6093180275449414,0.19188435001416415,0.19879762244089452
0.5566833766198401,0.23974476376928244,0.2035718596108775
0.49432727441041185,0.30655056529004515,0.1991221602995429
0.688535387022244,0.13965536360789585,0.17180924936986022
0.5418723674838367,0.2715100203640929,0.1866176121520704
0.5849294236862002,0.2357072491896019,0.17936332712419803
0.5616348376742475,0.2401970249499552,0.1981681373757973
0.4692478768152172,0.321418328860832,0.20933379432395086
0.5898101749136502,0.2503695209378665,0.15982030414848328
0.7248452324605081,0.10290995088817058,0.17224481665132121
0.6068964104454116,0.23448439208047805,0.15861919747411043
0.6027637348655608,0.20053059253385858,0.19670567260058064
0.7883021556519308,0.08812922146485773,0.1235686228832114
0.535031638291221,0.27745221136062925,0.18751615034814975
0.6256815943769346,0.19209589497399368,0.18222251064907188
0.6935430842640955,0.21921406930522216,0.08724284643068231
0.6320452682241969,0.22335868597472272,0.14459604580108035
0.6360528840842442,0.1671965372075439,0.19675057870821197
0.5954387196119858,0.21127056445605435,0.19329071593195984
0.6447385736153844,0.18635642394290902,0.1689050024417065
0.6214769343231196,0.2208590570362244,0.15766400864065602
0.5560328501165972,0.2016726247431968,0.2422945251402059
0.4658742722652571,0.31865253818005734,0.21547318955468558
0.5295404732513854,0.23835195248959345,0.23210757425902115
0.5642762796025125,0.23477425717896283,0.20094946321852464
0.6347554775194909,0.16814109701830132,0.19710342546220785
0.6955737660573981,0.14825603892987005,0.15617019501273185
0.522306955517304,0.26038339663292126,0.21730964784977486
0.7374367229624349,0.16381883187508284,0.09874444516248232
0.7075905689843213,0.10819277808730474,0.18421665292837405
0.6952223087139343,0.12991580160734403,0.17486188967872165
0.7172190676302129,0.10693356781899159,0.1758473645507955
0.6279682309584491,0.21353024364984619,0.1585015253917047
0.5850516990462415,0.2884204674199214,0.12652783353383712
0.5904808910472552,0.24261621334304576,0.1669028956096991
0.42062116571382585,0.3353096861488655,0.24406914813730862
0.5873949167961495,0.2469467290677444,0.1656583541361059
0.5874044645130033,0.20702139070305445,0.20557414478394215
0.6293871239203548,0.2013949987560863,0.16921787732355906
0.6023167696964367,0.25356714144228293,0.1441160888612805
0.6105038954779769,0.16817202374906118,0.22132408077296198
0.6821515038607223,0.13921286496917123,0.1786356311701065
0.5849633961647696,0.2628048457321385,0.15223175810309197
0.4483779767108824,0.3769771038594178,0.17464491942969984
0.6429005108449788,0.20149054319524834,0.1556089459597727
0.553618134204215,0.29646895736881856,0.14991290842696645
0.7186984157581765,0.15132256720431742,0.12997901703750603
0.6759054999200508,0.11987173112832668,0.20422276895162259
0.6958102951125534,0.1433428881440075,0.16084681674343906
0.615385325726302,0.2179063310311061,0.1667083432425918
0.6135852144613857,0.17972871818072186,0.20668606735789238
0.5802521809449617,0.25768902544230954,0.16205879361272874
0.41986977149108845,0.4028258874525372,0.17730434105637433
0.5732933688802906,0.20306763079652718,0.22363900032318237
0.7667710449081481,0.024430802556646734,0.20879815253520512
0.7594584046159074,0.14934192970021254,0.09119966568387994
0.506275723700587,0.32590289302962255,0.16782138326979038
0.5844865815490745,0.2541673961119626,0.16134602233896286
0.8150013234514153,0.03199650391276948,0.1530021726358153
0.678514487291083,0.18305702083050057,0.13842849187841655
0.7158196726523419,0.092442910271385,0.19173741707627295
0.7406104462617525,0.0675276574001537,0.19186189633809372
0.6752049688664828,0.14200688426943187,0.18278814686408532
0.5788410825226922,0.22806637770767957,0.19309253976962823
0.81272051686144,0.08492452911309357,0.10235495402546652
0.5778631659045188,0.2651755253398366,0.15696130875564446
0.6380889344997824,0.23625598447124288,0.12565508102897466
0.6575065777490302,0.07401604754303723,0.2684773747079324
0.6976101062902926,0.14085556036830024,0.161534333341407
0.6065082018655535,0.25305425347354626,0.14043754466090005
0.5512192246190958,0.24148726225613792,0.20729351312476627
0.725054521770041,0.14372059474039692,0.131224883489562
0.5522210548488786,0.3077359223648647,0.14004302278625674
0.5070137618393707,0.32834871637416596,0.1646375217864633
0.5828922121215503,0.20211797700950512,0.2149898108689445
0.5624356620321997,0.21485652976232406,0.22270780820547612
0.6224877151569027,0.17512614338176005,0.20238614146133724
0.6612612014984737,0.0686751765976431,0.27006362190388317
0.4554113291317764,0.36684155686055037,0.17774711400767326
0.6188001570498446,0.08250249291708553,0.2986973500330698
0.6427834177975986,0.1738075059463724,0.18340907625602887
