weight_mech_1,weight_mech_2,weight_mech_3
0.7939230884528646,0.039804699031943246,0.16627221251519217
0.6573643255439792,0.2334036869805909,0.10923198747542973
0.7409629794845679,0.10199904512631168,0.15703797538912032
0.624060244624873,0.1992324018645731,0.17670735351055394
0.6333041009142009,0.22385583392585362,0.14284006515994557
0.6938882597100442,0.14161580317380967,0.16449593711614613
0.8143472362349203,0.027942702562753087,0.15771006120232658
0.773874561758779,0.13180380180102524,0.09432163644019567
0.7103358669565324,0.12804001256257122,0.1616241204808965
0.7536199010566648,0.15374168707003502,0.09263841187330026
0.6754890411585922,0.17515807754008916,0.14935288130131855
0.7517951307495748,0.11628300977739967,0.13192185947302554
0.7625417824545531,0.1323359830201542,0.1051222345252927
0.7400010438677559,0.10087820988435486,0.15912074624788927
0.8080457344725576,0.08687660556426058,0.10507765996318191
0.7188283447762367,0.163482014515105,0.11768964070865832
0.7321339374264226,0.08775688378880306,0.18010917878477423
0.6836846572145148,0.19583344288112406,0.12048189990436105
0.667001456555449,0.16590719141878965,0.16709135202576145
0.7866550272460509,0.08848812519658676,0.12485684755736247
0.6616394398227821,0.22023886130069548,0.11812169887652245
0.8087657858974927,0.03612538349246716,0.1551088306100401
0.6633299232965212,0.19676097998953831,0.13990909671394053
0.8350466690544863,0.03772292603858308,0.12723040490693063
0.6491748922082694,0.10880800468225832,0.2420171031094722
0.7161327551792627,0.12412951266486423,0.15973773215587306
0.7852774239678043,0.08074858249753965,0.13397399353465617
0.80282057716415,0.1036837147941887,0.09349570804166135
0.8366179232243929,0.08221646249530996,0.08116561428029719
0.6746531343549824,0.12341553117816295,0.20193133446685455
0.7120450659159804,0.2207937869855094,0.06716114709851027
0.6200605022606775,0.19740056647576987,0.18253893126355256
0.7647472124069062,0.10928663771755993,0.12596614987553387
0.6812100067422077,0.16215954661248783,0.1566304466453045
0.800705819372076,0.12141871980604332,0.07787546082188074
0.6612959987761325,0.18283654103731048,0.1558674601865569
0.8592205288207182,0.021516267109263937,0.11926320407001777
0.5577558821142428,0.2612235560475815,0.18102056183817575
0.6511178190247483,0.21398681526894403,0.13489536570630772
0.5453884324403144,0.32388453852127086,0.13072702903841465
0.6681698747173086,0.1602610110314768,0.17156911425121457
0.7869917100771873,0.04423028325186777,0.16877800667094486
0.6999768935070827,0.11119233141208329,0.18883077508083398
0.7939765314000023,0.03830833016328409,0.16771513843671346
0.6605089549177192,0.2468996617232011,0.09259138335907975
0.730856613988469,0.128609228668444,0.14053415734308697
0.6781786211902118,0.19466618456867193,0.12715519424111624
0.6428523464597384,0.21723505659087153,0.13991259694939026
0.7100297636512028,0.166602193786403,0.12336804256239418
0.6601177957926747,0.19915732239939,0.14072488180793524
0.6479537273980001,0.23386420103853847,0.11818207156346139
0.5232416180614156,0.2838033848739473,0.19295499706463717
0.8270398650386871,0.04331045588253418,0.12964967907877875
0.6166021282065128,0.18914751665110008,0.19425035514238712
0.7221178242766304,0.1138272993384677,0.1640548763849019
0.8106901743949476,0.06349216358976978,0.12581766201528272
0.7896493966209861,0.10202006838851349,0.10833053499050035
0.7386496211583766,0.1630831771382647,0.09826720170335869
0.6398776010990792,0.2086724276025794,0.15144997129834137
0.6379268710468227,0.24919123342514973,0.11288189552802765
0.8342233390579408,0.04862934763983772,0.11714731330222154
0.6794148487483512,0.13179538594639237,0.1887897653052564
0.8573411068734609,0.04159992592292144,0.10105896720361757
0.7798050538150499,0.09317715734308106,0.12701778884186893
0.8496568409306281,0.06983311045232204,0.08051004861704998
0.7583284419015168,0.17319166165175978,0.06847989644672359
0.7048383340930178,0.18151377002486832,0.1136478958821139
0.7664778022294931,0.10220141993635727,0.1313207778341496
0.7191853251429002,0.11202915720891998,0.1687855176481799
0.7809576975085752,0.16130537809523776,0.05773692439618693
0.5922515003564073,0.2564292305309424,0.1513192691126503
0.7264696039872517,0.15723878912030417,0.11629160689244418
0.7113064313479078,0.12955489822241978,0.15913867042967242
0.663671912552915,0.17266538571320794,0.16366270173387706
0.6834755323078265,0.1831340682474476,0.13339039944472594
0.6860658494588928,0.15738710173067938,0.1565470488104278
0.6322249520639944,0.2242892527851241,0.14348579515088145
0.813555591767549,0.054670908749750675,0.1317734994827003
0.6987187288059711,0.1643963659088357,0.13688490528519323
0.7984623589760571,0.12175174904133455,0.07978589198260837
0.7857024972199987,0.07499198281249446,0.13930551996750673
0.7188250257017588,0.16082738217597348,0.12034759212226782
0.794832181635011,0.0790581109382291,0.12610970742676003
0.6909722104833298,0.19637783969541808,0.11264994982125205
0.6997978739303665,0.14122460597944667,0.15897752009018692
0.8066604679125736,0.07656859776944748,0.11677093431797891
0.6037289775388216,0.22386671091103333,0.17240431155014516
0.6931685698254783,0.1633335374234475,0.14349789275107422
0.6005674533410938,0.2692152275297206,0.13021731912918574
0.4852184815242756,0.3594816461858834,0.15529987228984093
0.7910862930523277,0.0460739340593399,0.16283977288833243
0.7395488182202339,0.11520572287398213,0.14524545890578408
0.7747999010657819,0.1321164171883514,0.0930836817458667
0.728128789421945,0.16160335067479165,0.11026785990326342
0.7624543651251343,0.07656169830859684,0.1609839365662687
0.5903274817385,0.246475234023205,0.16319728423829502
0.7831927946607374,0.08379821131387269,0.13300899402538982
0.7722469961583799,0.08868898440327241,0.1390640194383478
0.8066910670839571,0.06179685290962068,0.13151208000642217
0.7312521872625615,0.11370342338085913,0.15504438935657938
0.7680573007027439,0.1534718405651503,0.07847085873210574
0.7814307566496659,0.08210908102581371,0.1364601623245203
0.5385497911076381,0.22737194037149613,0.23407826852086563
0.7326233496942645,0.0922969590469128,0.1750796912588228
0.8512563823549745,0.06050193013977776,0.08824168750524784
0.8098615369382943,0.06359814797021918,0.1265403150914865
0.6424923812598194,0.17757545471227437,0.17993216402790616
0.7358212966180925,0.12986862859479037,0.1343100747871171
0.6495521708206569,0.21287547933916043,0.13757234984018268
0.8245840129790412,0.049241631993616634,0.12617435502734228
0.758262265149627,0.19469483157987907,0.04704290327049396
0.6079606661388711,0.24266637419291584,0.14937295966821296
0.7202971887391161,0.0862514260571304,0.19345138520375352
0.6833320671539074,0.12919768359903436,0.1874702492470582
0.7216325128237128,0.11886410084593906,0.15950338633034813
0.7253559456244851,0.12631391278926746,0.1483301415862474
0.638457602250314,0.22295885452979539,0.13858354321989053
0.7881710276731093,0.08653504760409292,0.12529392472279785
0.8315978480142111,0.11072801450970182,0.05767413747608699
0.6677414710529476,0.1775830338876638,0.15467549505938866
0.5845216842905253,0.20828755845478916,0.20719075725468555
0.6004829698876046,0.2037878706756659,0.1957291594367295
0.8022230306672318,0.09929904619959912,0.09847792313316897
0.7439873474163711,0.17926875804283526,0.07674389454079372
0.6008291622556762,0.21875716414433655,0.18041367359998728
0.7642750940462654,0.11636555689325132,0.11935934906048332
0.6419879937841197,0.16548716072978825,0.19252484548609203
0.6973213961802189,0.19232972881192947,0.11034887500785154
0.6215994324341679,0.2556067047444456,0.12279386282138646
0.7667125474404273,0.09307532354905998,0.1402121290105128
0.650678238151724,0.2098655604582324,0.13945620139004372
0.6698943038240519,0.1450566939756255,0.18504900220032258
0.7314313253712638,0.12658752031381637,0.14198115431491984
0.7838235951939033,0.08623561213193857,0.12994079267415817
0.8316884220715346,0.02180391722314065,0.14650766070532475
0.850319593458499,0.046095759118178856,0.1035846474233222
0.8664588368607699,0.0014842049321976353,0.13205695820703245
0.5537783413872712,0.2742579563236469,0.1719637022890819
0.7187580682941587,0.1134450793710685,0.16779685233477282
0.631107866389045,0.24310302505842094,0.1257891085525341
0.8194985392239571,0.10035904130306396,0.08014241947297893
0.8188634190557084,0.07037985655591648,0.1107567243883752
0.7589630728800143,0.037964213524900425,0.2030727135950853
0.779466180276301,0.10975254490613583,0.11078127481756314
0.724950295489388,0.13996141192932723,0.13508829258128469
0.6510778183862798,0.20387559866517774,0.14504658294854247
0.8071081830437626,0.058638586823527225,0.1342532301327101
0.7209115957944628,0.14404067916293528,0.1350477250426018
0.7977247704600787,0.0889569777734848,0.1133182517664366
0.7177754713952137,0.1948489579881196,0.08737557061666675
0.8121139884114948,0.0918524232954826,0.09603358829302258
0.5938063462965345,0.24197765154632006,0.1642160021571454
0.7209128410999428,0.13001865683405453,0.14906850206600264
0.7452178749436054,0.1944321360110409,0.06034998904535381
0.7034611070052695,0.2249336790121871,0.07160521398254334
0.6199518732928669,0.21861112614396155,0.16143700056317137
0.5907882759224983,0.24185526194185772,0.16735646213564392
0.7838348834007682,0.07640264674347173,0.1397624698557601
0.7252609305588869,0.0964718522120214,0.17826721722909178
0.7106311653812957,0.13217968747729575,0.15718914714140853
0.7487134204032952,0.1406576121135046,0.11062896748320013
0.7910019465184746,0.07900641453364485,0.12999163894788054
0.8253485528863962,0.07306322621940539,0.10158822089419829
0.692671620257875,0.20608038492616337,0.10124799481596163
0.6842029466030491,0.12425892114034341,0.19153813225660743
0.7145709495988092,0.1338352442909209,0.1515938061102699
0.7375784957843133,0.16339908087811955,0.09902242333756703
0.6733927507138441,0.16164010903814305,0.1649671402480128
0.6585968642292658,0.20690846296056556,0.13449467281016875
0.5586526183365619,0.2506512828033121,0.19069609886012603
0.7203695322544083,0.15332346034856675,0.1263070073970249
0.6896301659370416,0.16567567563922264,0.14469415842373567
0.6512441411205541,0.19104799152710214,0.15770786735234377
0.701149699702844,0.13393837467923939,0.16491192561791665
0.7365633179947912,0.10346220796451186,0.15997447404069698
0.7046265084536242,0.19084620910765293,0.10452728243872278
0.8056338841226928,0.07881338451901018,0.11555273135829695
0.8066167194865772,0.047921424732568926,0.145461855780854
0.719047380525554,0.0994559500676966,0.18149666940674938
0.8086169706278692,0.051650137320139414,0.13973289205199138
0.7645943358042023,0.1255846625204391,0.10982100167535852
0.8285006974622605,0.10313736947761125,0.06836193306012826
0.7913497369376769,0.05027945978569642,0.15837080327662661
0.7061689042107835,0.17105558028915097,0.12277551550006544
0.7718132720638955,0.12868378805856126,0.09950293987754331
0.898207778072231,0.015152525134637038,0.08663969679313198
0.7872745376368855,0.07704579062796434,0.13567967173515016
0.7290650246571219,0.12223252441041564,0.14870245093246265
0.7272615403418345,0.16592828533491508,0.10681017432325042
0.6604995961593635,0.19785710734860576,0.14164329649203083
0.6895326995701663,0.16052880964403218,0.1499384907858015
0.6882877554029493,0.2252382698602913,0.08647397473675941
0.7721656053858845,0.0658070807755566,0.16202731383855887
0.7611637082274102,0.15341017885025188,0.08542611292233791
0.777371761245784,0.08186774642907924,0.1407604923251367
0.7109994129272855,0.170482164143059,0.11851842292965553
0.8075664319600209,0.034602933621540655,0.15783063441843853
0.6606463984677706,0.18718716307764938,0.15216643845457986
0.8915560690217077,0.019781658096540908,0.08866227288175141
0.761367140227967,0.0879689214454254,0.15066393832660746
