weight_mech_1,weight_mech_2,weight_mech_3
0.6694465654681284,0.11744838627148062,0.21310504826039103
0.6269695634495183,0.1188186735331074,0.25421176301737425
0.6275823476308721,0.09957479073961681,0.2728428616295111
0.6964957960612325,0.028216572783128738,0.27528763115563876
0.6120530243526219,0.11597320445772795,0.2719737711896501
0.6321230327675055,0.07869583812750006,0.28918112910499455
0.5187711236554716,0.24815992035485152,0.23306895598967692
0.651141032282792,0.07095588512781044,0.27790308258939755
0.5986104942385803,0.10603152306405103,0.29535798269736874
0.6297928719596612,0.08100511140554523,0.28920201663479367
0.5824124916150802,0.1075768770152475,0.31001063136967233
0.621464000494935,0.09361343980443636,0.2849225597006285
0.7517343938929046,0.01414162741559374,0.23412397869150167
0.6722652568675804,0.11240223041906205,0.21533251271335746
0.6948315054227712,0.06522776015539825,0.2399407344218306
0.5115739470950454,0.26132803868204296,0.22709801422291176
0.7234305083480572,0.11568365663941076,0.16088583501253187
0.7190399692770827,0.08950349864492285,0.19145653207799454
0.6664248482392939,0.0868511336922802,0.24672401806842575
0.4443403637180238,0.2795272843452813,0.27613235193669494
0.5882366706279318,0.15302203283741592,0.25874129653465205
0.6757037856440066,0.06431407938960272,0.2599821349663907
0.6154253196732654,0.11522886307759442,0.26934581724914014
0.6590779879229691,0.06625679368243842,0.27466521839459246
0.48942961415129604,0.25768138451786265,0.25288900133084136
0.774412893341892,0.026431079071397714,0.1991560275867102
0.5060136910522464,0.1738426113184925,0.32014369762926126
0.46137360263819566,0.2688467567809991,0.2697796405808052
0.6696219904078691,0.056972249473238076,0.2734057601188929
0.7207836009764239,0.07564436543010467,0.20357203359347148
0.6317124282205133,0.10763125168084392,0.26065632009864276
0.5591057693008534,0.16993705717883056,0.27095717352031595
0.5554736648663764,0.12553533658905305,0.3189909985445704
0.716339441897314,0.07105706251655562,0.21260349558613045
0.6225158812425063,0.11154720661135846,0.26593691214613513
0.7248408259107416,0.026723712997425954,0.24843546109183254
0.6219333718322846,0.08249173974610602,0.29557488842160945
0.6381008281579589,0.09717631628684664,0.26472285555519437
0.5925565298092608,0.17476605166998455,0.23267741852075466
0.4992240487179226,0.18829518864423583,0.3124807626378415
0.6551202451875183,0.09268155189839769,0.252198202914084
0.5810299559304827,0.13852216276397136,0.280447881305546
0.536126533351692,0.25745740279760077,0.20641606385070724
0.6355931839249066,0.124864212947278,0.23954260312781542
0.6520138671926007,0.11937467878504901,0.22861145402235036
0.6880624683312917,0.085587543334931,0.22634998833377737
0.6017332583410214,0.18062620804216592,0.21764053361681265
0.6232227866858343,0.1310192669475271,0.2457579463666386
0.44551128718739297,0.26609044239799684,0.2883982704146102
0.7204790743455134,0.042309601819374175,0.23721132383511245
0.6391859910367179,0.10807195606155852,0.2527420529017235
0.7566981274271571,0.009375826538621174,0.23392604603422168
0.5326542848852424,0.18570410562552098,0.2816416094892366
0.5626004938776217,0.1348545041493129,0.30254500197306544
0.6487140420896839,0.15583753821999427,0.19544841969032187
0.6682849370039774,0.08037297651417352,0.2513420864818491
0.6826029107728613,0.07163497835120383,0.24576211087593489
0.6881935466319815,0.07862436875516075,0.23318208461285772
0.49733833695167795,0.22608534533916988,0.27657631770915225
0.6051996258002516,0.12045660112729874,0.2743437730724497
0.4574829288286199,0.24515031380731944,0.2973667573640607
0.6249801111403969,0.10515824863709335,0.2698616402225098
0.5585371750206203,0.16825975945385416,0.27320306552552565
0.48921728353234445,0.2380667481459436,0.27271596832171185
0.7403073457836783,0.025447974761725133,0.23424467945459662
0.4840234415767934,0.1976003738948385,0.31837618452836813
0.5665222419366146,0.14280876931407321,0.2906689887493123
0.5867780186994257,0.15215955716783378,0.2610624241327406
0.580639150637158,0.16395716331480156,0.2554036860480405
0.5280413261603168,0.22921309624779032,0.2427455775918928
0.6391081379440195,0.13543280577346162,0.22545905628251886
0.4746919007659478,0.20097018801448002,0.3243379112195722
0.7364096330933092,0.004634282521734414,0.2589560843849564
0.5090274539293124,0.21961568298687437,0.27135686308381335
0.62919379194119,0.12914689391574358,0.2416593141430664
0.5849753820029898,0.21524351905290262,0.1997810989441075
0.7046359849019019,0.06440683631259878,0.23095717878549943
0.5574338173696693,0.23845269011445455,0.20411349251587602
0.5329611699335217,0.2523419061210998,0.21469692394537848
0.6608795896948578,0.10157469434701787,0.23754571595812438
0.5467965065248771,0.17818458089477915,0.2750189125803437
0.5491357229286175,0.12498875738076085,0.3258755196906217
0.7085996041618401,0.05643210392951987,0.23496829190864016
0.47169741599287185,0.25710659255082885,0.27119599145629925
0.5965229473246134,0.10705002422416557,0.296427028451221
0.732358493357421,0.013987276272261583,0.25365423037031737
0.5183730543795163,0.21164683722788852,0.2699801083925952
0.6904616703701609,0.06607301934240901,0.24346531028743004
0.5947009969676893,0.14489649285551942,0.26040251017679117
0.6874024154831977,0.12032075209390188,0.19227683242290033
0.677250945557499,0.010361337737327081,0.312387716705174
0.700821946524435,0.06145291213774958,0.2377251413378154
0.5577230055107685,0.17288688005607808,0.26939011443315336
0.601459553435199,0.22939336863405274,0.16914707793074824
0.5818764227102671,0.15062616961198125,0.2674974076777516
0.619711312773267,0.14266172540106914,0.23762696182566398
0.609053396761179,0.1309512896393589,0.25999531359946204
0.6420447233463329,0.12632635543461163,0.23162892121905554
0.5732526557409433,0.15131109914822868,0.27543624511082804
0.674684595296174,0.09058760666138929,0.23472779804243668
0.777404598977334,0.033960484042602365,0.18863491698006352
0.5333947212600185,0.18203766050293532,0.2845676182370461
0.6790828807255123,0.09354861836860488,0.2273685009058828
0.612776423993624,0.14083957654514,0.24638399946123607
0.6179694307464703,0.0828521714943378,0.29917839775919197
0.4760441824865247,0.28482580483940545,0.23913001267406994
0.6607101279952711,0.13800225915291217,0.20128761285181684
0.6733379907963698,0.027541127784776742,0.2991208814188535
0.5849372492042239,0.12761725338388022,0.28744549741189585
0.672739355953599,0.15291888791113784,0.17434175613526315
0.7159064881390932,0.013056406477033369,0.2710371053838735
0.5981495993308238,0.15247737258384622,0.24937302808533002
0.6594065586995066,0.08144179226800105,0.25915164903249227
0.5676316431898563,0.14880414852618318,0.28356420828396056
0.7140905858966914,0.0022284377945494182,0.2836809763087593
0.49954462357953133,0.2255818245472439,0.2748735518732247
0.6357423937336875,0.08363016291275317,0.2806274433535594
0.500545050487221,0.22720049948651175,0.27225445002626736
0.7314309285086125,0.1324465284541492,0.13612254303723823
0.6208249549276348,0.12432671421154186,0.2548483308608233
0.5722299258353043,0.13626152004756464,0.29150855411713106
0.6792507736391422,0.15302726766918506,0.16772195869167272
0.5898857669512757,0.0806052662501706,0.3295089667985535
0.5875248634589785,0.14439472082717916,0.2680804157138423
0.6547037339106831,0.1332146869405259,0.212081579148791
0.7386715656441937,0.04247902993280734,0.2188494044229989
0.571263575401242,0.14823811163788048,0.2804983129608775
0.6160014574697793,0.08583386121974032,0.2981646813104803
0.5908325162469542,0.17482136310845808,0.2343461206445878
0.6690146695890786,0.07863230268933916,0.2523530277215823
0.5899163804935071,0.1214968211171936,0.28858679838929924
0.32564634221196764,0.3377122168223771,0.33664144096565535
0.5443051841960543,0.1749565884401575,0.2807382273637882
0.7667432767494148,0.01751089021693113,0.21574583303365416
0.44641845339217756,0.265866887707679,0.28771465890014347
0.4894899512032747,0.24285592883518892,0.2676541199615364
0.6748301971207656,0.04893404023989611,0.27623576263933836
0.5971121418012652,0.1821327142030685,0.22075514399566618
0.5469608413366016,0.18977668442902926,0.26326247423436916
0.7081498607434031,0.04979930846462693,0.24205083079196998
0.6324002494548282,0.11065347172213157,0.25694627882304016
0.514734606921646,0.2549337224476845,0.23033167063066956
0.6527561903046474,0.06898188569499936,0.2782619240003532
0.6400957748937182,0.030843326383439583,0.3290608987228422
0.639285517123698,0.12237221774877494,0.23834226512752713
0.5422799270748833,0.22910009752459642,0.22861997540052031
0.5598677492654743,0.15664935623938944,0.28348289449513614
0.6191651689283202,0.12381660733313624,0.2570182237385435
0.5674309650700977,0.25082165157902114,0.18174738335088114
0.7632608295019131,0.04765198810997772,0.18908718238810926
0.7018609845808416,0.013567410130999774,0.2845716052881586
0.5726330849369097,0.17086684186625248,0.2565000731968377
0.7339484597688777,0.03192553024448587,0.2341260099866365
0.7291606198043786,0.0538994871676738,0.2169398930279476
0.534262355057475,0.20073299042653991,0.2650046545159851
0.6543996532972554,0.09480251606264128,0.25079783064010336
0.6885986088540679,0.11926188671197537,0.19213950443395675
0.7767208875172602,0.01537709131049382,0.2079020211722459
0.5728215877881404,0.15095978931023282,0.2762186229016267
0.6603240408516988,0.06064994622175602,0.2790260129265452
0.7100517309892803,0.12720050641130423,0.16274776259941545
0.6086491437020103,0.11368185793865832,0.2776689983593313
0.5399762910987823,0.19078031824252834,0.26924339065868946
0.4825698322408451,0.2527349279501411,0.26469523980901366
0.46846549769262724,0.18516121513278042,0.3463732871745923
0.5872109782661485,0.16824039984584496,0.2445486218880065
0.6619924770389041,0.049742670427592964,0.288264852533503
0.7655188093705568,0.013941976455201692,0.22053921417424144
0.5956520744898359,0.16630790004050158,0.2380400254696626
0.578581074786695,0.15033359940345736,0.27108532580984745
0.6802396587651917,0.029470754542777217,0.2902895866920312
0.5552304284396251,0.24701601747107982,0.19775355408929526
0.6766846501011999,0.10978391360664567,0.21353143629215438
0.6181099699190615,0.13242314260516272,0.24946688747577575
0.3955979716528189,0.30084905704155335,0.3035529713056277
0.6507205828903013,0.1254588758371576,0.22382054127254103
0.6926245354017478,0.09061551501322873,0.21675994958502331
0.5488463558050917,0.1669672779944542,0.28418636620045407
0.5213263296255273,0.16927783030352525,0.30939584007094745
0.6832890209509684,0.05048873060469235,0.26622224844433917
0.5801748990960084,0.21778343628243743,0.2020416646215541
0.4617158707497384,0.29963451783079753,0.2386496114194641
0.6217581688461638,0.09734941294930238,0.280892418204534
0.6078304728978692,0.10526401431492184,0.286905512787209
0.6581765146371326,0.17772211339532046,0.16410137196754698
0.6370973100219535,0.12623608070934803,0.2366666092686985
0.5332928608809756,0.19592134983892368,0.2707857892801006
0.5274665252819126,0.19381871183235153,0.2787147628857359
0.63585452119233,0.1000177690190561,0.264127709788614
0.6118855281222539,0.13282407573705302,0.255290396140693
0.6406726709034218,0.08183353958494927,0.2774937895116289
0.5396508726801664,0.16204022466001583,0.2983089026598177
0.7142056258150463,0.11598310021791479,0.16981127396703907
0.5452250309804241,0.26912486736514235,0.18565010165443355
0.6903758054168602,0.09485021746134761,0.21477397712179225
0.6534627702417946,0.1366021804414014,0.209935049316804
0.6196043635478878,0.13139290955893873,0.24900272689317346
0.6428993996057233,0.09791128922882862,0.25918931116544813
0.6859037777658884,0.09192761076185349,0.2221686114722581
0.6664185778626982,0.05096477046670998,0.28261665167059186
